%YAML:1.0
---
calibration_time: "Thu Apr 25 17:21:07 2019"
nframes: 10
image_width: 1280
image_height: 720
board_width: 4
board_height: 5
square_size: 2.5000000372529030e-02
flags: 0
camera_matrix: !!opencv-matrix
   rows: 3
   cols: 3
   dt: d
   data: [ 1.0144175520152410e+03, 0., 6.1042617588816415e+02, 0.,
       9.9938644228998476e+02, 3.6734243455705916e+02, 0., 0., 1. ]
distortion_coefficients: !!opencv-matrix
   rows: 5
   cols: 1
   dt: d
   data: [ -3.7367784772000889e-01, 1.1621782468785988e-01,
       2.3859897478858277e-02, 1.1443039646037529e-02, 0. ]
avg_reprojection_error: 2.8243915226784591e+00
per_view_reprojection_errors: !!opencv-matrix
   rows: 10
   cols: 1
   dt: f
   data: [ 2.90454698e+00, 3.03750229e+00, 2.32482457e+00,
       3.02592611e+00, 2.86834574e+00, 2.96853018e+00, 2.08906269e+00,
       3.46108961e+00, 2.63147855e+00, 2.69080663e+00 ]
extrinsic_parameters: !!opencv-matrix
   rows: 10
   cols: 6
   dt: d
   data: [ 1.8032097078974237e-02, 1.7438353134059303e-01,
       1.6999104954745810e+00, 1.0178499046291794e-02,
       -7.0147688743552206e-02, 2.6327947721004485e-01,
       7.6192735947893442e-02, -2.0360673016902039e-01,
       1.2966273922612541e+00, 1.0453807675866615e-01,
       -1.1606434421357394e-01, 3.2153710713606642e-01,
       2.3236893653895987e-01, -2.5141139588539102e-01,
       1.2470051521190102e+00, 1.1197363042645353e-01,
       -1.2401199120345580e-01, 3.1699263093461688e-01,
       4.7252441756791708e-01, 4.4822790791445022e-01,
       1.9159331132618740e-01, -1.7380124868227570e-02,
       -7.1829601308548360e-02, 2.8716911898499675e-01,
       8.3760875417178371e-01, 1.3314748109688146e-01,
       1.8325655954549849e+00, 6.7216987047498691e-02,
       -4.7933298272801628e-02, 2.4343264874875278e-01,
       -3.9875511227062171e-01, 4.2936985979090675e-01,
       -2.8099160180110814e+00, 5.6177309184224540e-02,
       3.8608989987541954e-02, 3.3176146165263548e-01,
       2.9911415851532275e-01, 1.0660369399766183e-01,
       1.8141358206343248e+00, 2.9827421145217397e-02,
       -1.6612727673072907e-02, 3.5349030618545196e-01,
       2.5848973801096964e-01, -6.0058330679676628e-02,
       -3.0109351308146426e+00, 6.8158101090174006e-02,
       4.3325955415280969e-02, 3.1967911845323865e-01,
       8.2439409550680701e-02, 5.1554538106480385e-01,
       -1.4515440653694873e+00, -4.7841067721536255e-02,
       -6.5579411562549381e-03, 3.7971881936507457e-01,
       -3.9747244303900767e-02, 3.5022929063032371e-01,
       -1.5051612916268129e+00, -1.1069884211358646e-02,
       -1.4059595583061999e-02, 3.6996582053214316e-01 ]
image_points: !!opencv-matrix
   rows: 10
   cols: 20
   dt: "2f"
   data: [ 6.51469788e+02, 1.13540092e+02, 6.33800110e+02,
       1.97902985e+02, 6.21415894e+02, 2.87009857e+02, 6.11298584e+02,
       3.78428894e+02, 5.58505615e+02, 1.04222160e+02, 5.43328674e+02,
       1.90674576e+02, 5.31470215e+02, 2.79538391e+02, 5.16002563e+02,
       3.68869324e+02, 4.72368378e+02, 9.97486038e+01, 4.56142792e+02,
       1.86732025e+02, 4.38232239e+02, 2.70900116e+02, 4.22170227e+02,
       3.58247559e+02, 3.92583313e+02, 9.67767258e+01, 3.72587555e+02,
       1.77505630e+02, 3.55459290e+02, 2.59350952e+02, 3.37338684e+02,
       3.48825958e+02, 3.21464691e+02, 9.55001831e+01, 2.94503601e+02,
       1.78567169e+02, 2.80315491e+02, 2.55050095e+02, 2.62780060e+02,
       3.42321930e+02, 9.16072144e+02, 4.84581223e+01, 9.33739136e+02,
       1.09780624e+02, 9.48052856e+02, 1.78665588e+02, 9.64002502e+02,
       2.46776474e+02, 8.51438477e+02, 5.62514687e+01, 8.68225525e+02,
       1.22333061e+02, 8.85605347e+02, 1.93224640e+02, 9.01998291e+02,
       2.59485840e+02, 7.80289185e+02, 6.73907166e+01, 7.96990723e+02,
       1.34942291e+02, 8.19366638e+02, 2.05139053e+02, 8.38827942e+02,
       2.71525085e+02, 7.05739929e+02, 8.05116882e+01, 7.27335388e+02,
       1.51613083e+02, 7.50914185e+02, 2.23286789e+02, 7.70377991e+02,
       2.92649078e+02, 6.34222656e+02, 9.89655151e+01, 6.57636230e+02,
       1.72707611e+02, 6.76788330e+02, 2.43182556e+02, 6.97604858e+02,
       3.13309296e+02, 9.35511536e+02, 2.53168697e+01, 9.54933594e+02,
       8.58018875e+01, 9.70413940e+02, 1.53152908e+02, 9.85231567e+02,
       2.20366760e+02, 8.71645813e+02, 3.74100533e+01, 8.90381897e+02,
       1.01355125e+02, 9.07377930e+02, 1.70385818e+02, 9.25506348e+02,
       2.35683167e+02, 8.02230530e+02, 5.16848488e+01, 8.20240356e+02,
       1.17590668e+02, 8.43576721e+02, 1.84773239e+02, 8.61975037e+02,
       2.48584671e+02, 7.29915710e+02, 6.91631546e+01, 7.53384705e+02,
       1.37039246e+02, 7.76835388e+02, 2.04763504e+02, 7.95167419e+02,
       2.70650787e+02, 6.62205200e+02, 9.08436661e+01, 6.85693481e+02,
       1.59699539e+02, 7.05473877e+02, 2.26665314e+02, 7.23919922e+02,
       2.92453796e+02, 5.50987915e+02, 1.26874146e+02, 6.27322693e+02,
       1.46412643e+02, 7.05137207e+02, 1.56830734e+02, 7.95599243e+02,
       1.81024246e+02, 5.51677429e+02, 2.07354782e+02, 6.20376648e+02,
       2.20566193e+02, 7.01285828e+02, 2.42963715e+02, 7.85434631e+02,
       2.59984497e+02, 5.43526367e+02, 2.78090698e+02, 6.15807495e+02,
       3.00149261e+02, 6.91138489e+02, 3.20708649e+02, 7.72903198e+02,
       3.41731262e+02, 5.38435059e+02, 3.47214203e+02, 6.06156250e+02,
       3.67347137e+02, 6.81330017e+02, 3.94186340e+02, 7.62121521e+02,
       4.18920990e+02, 5.32863586e+02, 4.12704895e+02, 5.97347595e+02,
       4.35281952e+02, 6.70589539e+02, 4.61274597e+02, 7.50820435e+02,
       4.87966980e+02, 8.79440002e+02, 1.83005875e+02, 8.51529053e+02,
       2.66417297e+02, 8.31539490e+02, 3.54321808e+02, 8.04989502e+02,
       4.23154572e+02, 7.92479980e+02, 1.44957809e+02, 7.70918884e+02,
       2.31727585e+02, 7.50983948e+02, 3.14571777e+02, 7.28422852e+02,
       3.86508087e+02, 7.13414246e+02, 1.18509674e+02, 6.95178223e+02,
       2.03120224e+02, 6.74605225e+02, 2.79009796e+02, 6.55516846e+02,
       3.49272827e+02, 6.42309509e+02, 9.37893295e+01, 6.25015381e+02,
       1.72629410e+02, 6.08403748e+02, 2.43118118e+02, 5.90801086e+02,
       3.15232819e+02, 5.80102905e+02, 7.29237213e+01, 5.61026489e+02,
       1.49187637e+02, 5.48142151e+02, 2.17950485e+02, 5.34590881e+02,
       2.87464203e+02, 7.85630066e+02, 4.81618958e+02, 7.13039307e+02,
       4.60057312e+02, 6.38457825e+02, 4.35455688e+02, 5.69069885e+02,
       4.13817444e+02, 8.06602905e+02, 4.18575134e+02, 7.32519348e+02,
       3.93399353e+02, 6.56816284e+02, 3.68199738e+02, 5.85113159e+02,
       3.44111176e+02, 8.22075928e+02, 3.44935547e+02, 7.49872925e+02,
       3.24054901e+02, 6.76517273e+02, 3.00110931e+02, 6.02179199e+02,
       2.76705872e+02, 8.41511353e+02, 2.73855072e+02, 7.65750488e+02,
       2.49069778e+02, 6.93841248e+02, 2.28194443e+02, 6.23266174e+02,
       2.04383804e+02, 8.64650330e+02, 1.99888275e+02, 7.88341248e+02,
       1.76237289e+02, 7.11743652e+02, 1.54744675e+02, 6.42602905e+02,
       1.34413284e+02, 6.96466614e+02, 3.21319336e+02, 6.77295654e+02,
       3.87606262e+02, 6.62566895e+02, 4.55523254e+02, 6.47964966e+02,
       5.17468445e+02, 6.26948547e+02, 3.01157898e+02, 6.11311584e+02,
       3.70504120e+02, 5.97305237e+02, 4.37640564e+02, 5.81241882e+02,
       4.99627960e+02, 5.62236145e+02, 2.86239349e+02, 5.47463257e+02,
       3.55170502e+02, 5.31209717e+02, 4.18076965e+02, 5.15975708e+02,
       4.79250000e+02, 5.01671661e+02, 2.70820282e+02, 4.85784424e+02,
       3.35635956e+02, 4.71364532e+02, 3.96044647e+02, 4.55830780e+02,
       4.59127441e+02, 4.46284515e+02, 2.56458344e+02, 4.28546265e+02,
       3.21025940e+02, 4.15453461e+02, 3.80497070e+02, 4.01733002e+02,
       4.42344574e+02, 8.26970276e+02, 5.00308777e+02, 7.52277344e+02,
       4.93256500e+02, 6.72967529e+02, 4.83005524e+02, 5.95992798e+02,
       4.75225403e+02, 8.33688232e+02, 4.28196564e+02, 7.62595032e+02,
       4.19733734e+02, 6.83032104e+02, 4.08460632e+02, 6.02100525e+02,
